10000010
00000001
01001101
01001000
00000001
10000010
00000001
01101001
01001000
00000001
10000010
00000001
01101110
01001000
00000001
10000010
00000001
01100101
01001000
00000001
10000010
00000001
00100000
01001000
00000001
10000010
00000001
01111001
01001000
00000001
10000010
00000001
01101111
01001000
00000001
10000010
00000001
01110101
01001000
00000001
10000010
00000001
01110010
01001000
00000001
10000010
00000001
00100000
01001000
00000001
10000010
00000001
01100011
01001000
00000001
10000010
00000001
01101111
01001000
00000001
10000010
00000001
01101001
01001000
00000001
10000010
00000001
01101110
01001000
00000001
10000010
00000001
00100000
01001000
00000001
10000010
00000001
01101001
01001000
00000001
10000010
00000001
01101110
01001000
00000001
10000010
00000001
00100000
01001000
00000001
10000010
00000001
01110010
01001000
00000001
10000010
00000001
01101111
01001000
00000001
10000010
00000001
01101111
01001000
00000001
10000010
00000001
01101101
01001000
00000001
10000010
00000001
00100000
01001000
00000001
10000010
00000001
10101010
10000010
00000010
00110001
10101000
00000001
00000010
10000010
00000010
00010010
10101011
00000001
00000010
01001000
00000001
10000010
00000001
01100000
10000010
00000010
00001000
10101000
00000001
00000010
10000010
00000010
00110011
10101011
00000001
00000010
01001000
00000001
10000010
00000001
10011011
10000010
00000010
01100100
10101000
00000001
00000010
10000010
00000010
00110110
10101011
00000001
00000010
01001000
00000001
00000001
